



rate <- 1.22

1502

